$ 3 0.000005 10.20027730826997 50 5 50 5e-11
164 2824 944 3032 944 0 4 0 0 5 5 false 0
164 2384 944 2592 944 0 4 0 0 0 0 false 0
164 1968 944 2176 944 0 4 0 0 0 0 false 0
164 528 944 736 944 0 4 0 0 0 0 false 0
164 1104 944 1312 944 0 4 0 0 0 0 false 0
164 1528 944 1736 944 0 4 0 0 0 0 false 0
150 1592 1152 1560 1152 1 2 0 5
150 2016 1152 1984 1152 1 2 0 5
150 2448 1152 2416 1152 1 2 0 5
150 2888 1152 2856 1152 1 2 0 5
150 592 1152 560 1152 1 2 0 5
150 1168 1152 1136 1152 1 2 0 5
w 2824 944 2808 944 0
w 2808 944 2808 880 0
w 2920 944 2968 944 0
w 2968 944 2968 1144 0
w 2968 1144 2888 1144 0
w 2920 1008 2944 1008 0
w 2944 1008 2944 1160 0
w 2944 1160 2888 1160 0
w 2064 944 2120 944 0
w 2120 944 2120 1144 0
w 2120 1144 2016 1144 0
w 2064 1008 2088 1008 0
w 2088 1008 2088 1160 0
w 2088 1160 2016 1160 0
w 2480 976 2520 976 0
w 2520 976 2520 1144 0
w 2520 1144 2448 1144 0
w 2480 1008 2496 1008 0
w 2496 1008 2496 1160 0
w 2496 1160 2448 1160 0
w 1624 976 1672 976 0
w 1672 976 1672 1144 0
w 1672 1144 1592 1144 0
w 1624 1008 1648 1008 0
w 1648 1008 1648 1160 0
w 1648 1160 1592 1160 0
w 1200 976 1248 976 0
w 1248 976 1248 1144 0
w 1248 1144 1168 1144 0
w 1200 1040 1224 1040 0
w 1224 1040 1224 1160 0
w 1224 1160 1168 1160 0
w 624 1008 672 1008 0
w 672 1008 672 1144 0
w 672 1144 592 1144 0
w 624 1040 648 1040 0
w 648 1040 648 1160 0
w 648 1160 592 1160 0
w 648 1584 592 1584 0
w 648 1464 648 1584 0
w 624 1464 648 1464 0
w 672 1568 592 1568 0
w 672 1432 672 1568 0
w 624 1432 672 1432 0
w 1224 1584 1168 1584 0
w 1224 1464 1224 1584 0
w 1200 1464 1224 1464 0
w 1248 1568 1168 1568 0
w 1248 1400 1248 1568 0
w 1200 1400 1248 1400 0
w 1648 1584 1592 1584 0
w 1648 1432 1648 1584 0
w 1624 1432 1648 1432 0
w 1672 1568 1592 1568 0
w 1672 1400 1672 1568 0
w 1624 1400 1672 1400 0
w 2496 1584 2448 1584 0
w 2496 1432 2496 1584 0
w 2480 1432 2496 1432 0
w 2520 1568 2448 1568 0
w 2520 1400 2520 1568 0
w 2480 1400 2520 1400 0
w 2088 1584 2016 1584 0
w 2088 1432 2088 1584 0
w 2064 1432 2088 1432 0
w 2120 1568 2016 1568 0
w 2120 1368 2120 1568 0
w 2064 1368 2120 1368 0
w 2944 1584 2888 1584 0
w 2944 1432 2944 1584 0
w 2920 1432 2944 1432 0
w 2968 1568 2888 1568 0
w 2968 1368 2968 1568 0
w 2920 1368 2968 1368 0
w 2808 1368 2808 1304 0
w 2824 1368 2808 1368 0
150 1168 1576 1136 1576 1 2 0 5
150 592 1576 560 1576 1 2 0 5
150 2888 1576 2856 1576 1 2 0 5
150 2448 1576 2416 1576 1 2 0 5
150 2016 1576 1984 1576 1 2 0 5
150 1592 1576 1560 1576 1 2 0 5
164 1528 1368 1736 1368 0 4 0 0 0 0 false 0
164 1104 1368 1312 1368 0 4 0 0 0 0 false 0
164 528 1368 736 1368 0 4 0 0 0 0 false 0
164 1968 1368 2176 1368 0 4 0 0 0 0 false 0
164 2384 1368 2592 1368 0 4 0 0 0 0 false 0
164 2824 1368 3032 1368 0 4 0 0 5 5 false 0
152 2824 1584 2792 1584 1 2 0 5
152 2392 1584 2360 1584 1 2 0 5
152 1536 1584 1504 1584 1 2 0 5
152 1952 1584 1920 1584 1 2 0 5
152 536 1584 504 1584 1 2 0 5
152 1104 1584 1072 1584 1 2 0 5
w 2824 1576 2856 1576 0
w 2792 1584 2792 1464 0
w 2792 1464 2824 1464 0
w 2136 1584 2136 1464 0
w 2360 1464 2384 1464 0
w 2392 1576 2416 1576 0
w 1952 1576 1984 1576 0
w 1968 1464 1920 1464 0
w 1920 1464 1920 1584 0
w 1504 1584 1504 1464 0
w 1504 1464 1528 1464 0
w 1536 1576 1560 1576 0
w 1136 1576 1104 1576 0
w 1072 1584 1072 1464 0
w 1072 1464 1104 1464 0
w 504 1584 504 1464 0
w 504 1464 528 1464 0
w 536 1576 560 1576 0
w 536 1592 560 1592 0
w 560 1592 560 1656 0
w 1104 1592 1136 1592 0
w 1136 1592 1136 1656 0
w 1536 1592 1560 1592 0
w 1560 1592 1560 1656 0
w 1952 1592 1984 1592 0
w 1984 1592 1984 1656 0
w 2392 1592 2416 1592 0
w 2416 1592 2416 1656 0
w 2824 1592 2856 1592 0
w 2856 1592 2856 1656 0
w 2824 1040 2824 1152 0
w 2824 1152 2856 1152 0
w 2384 1040 2384 1152 0
w 1968 1040 1968 1152 0
w 1528 1040 1528 1152 0
w 1104 1040 1104 1152 0
w 528 1040 528 1152 0
w 528 1152 560 1152 0
w 1104 1152 1136 1152 0
w 1528 1152 1560 1152 0
w 1968 1152 1984 1152 0
w 2384 1152 2416 1152 0
w 560 1656 1136 1656 0
w 1136 1656 1560 1656 0
w 1560 1656 1984 1656 0
w 1984 1656 2416 1656 0
w 2416 1656 2856 1656 0
w 2856 1656 2976 1656 0
207 2976 1656 3032 1656 4 RST
207 2808 1304 2848 1304 4 CLK
207 2808 880 2848 880 4 CLK
w 2792 1464 2792 1328 0
w 2792 1328 2384 1328 0
w 2384 1328 2384 1368 0
w 1920 1464 1920 1328 0
w 1504 1464 1504 1328 0
w 1072 1464 1072 1328 0
w 1072 1328 528 1328 0
w 1504 1328 1104 1328 0
w 1920 1328 1528 1328 0
w 2136 1464 2136 1328 0
w 2136 1328 1968 1328 0
w 1968 1328 1968 1368 0
w 1528 1328 1528 1368 0
w 1104 1328 1104 1368 0
w 528 1328 528 1368 0
w 2824 1040 2784 1040 0
w 2784 1040 2784 904 0
w 2784 904 2384 904 0
w 1968 1040 1936 1040 0
w 1528 1040 1504 1040 0
w 1104 1040 1080 1040 0
w 528 944 528 904 0
w 1104 944 1104 904 0
w 1528 944 1528 904 0
w 1968 944 1968 904 0
w 2384 1040 2360 1040 0
w 2384 904 2384 944 0
w 2360 1040 2360 904 0
w 1504 1040 1504 904 0
w 1936 1040 1936 904 0
w 1080 1040 1080 904 0
w 1080 904 528 904 0
w 1104 904 1504 904 0
w 1528 904 1936 904 0
w 1968 904 2360 904 0
w 2968 944 3048 944 0
w 2920 976 3048 976 0
w 2944 1008 3048 1008 0
w 2920 1040 3048 1040 0
w 2968 1368 3048 1368 0
w 2920 1400 3048 1400 0
w 2944 1432 3048 1432 0
w 2920 1464 3048 1464 0
w 2360 1584 2360 1464 0
w 2136 1328 2360 1328 0
w 2360 1328 2360 1464 0
157 3952 880 4000 880 0 7 0 0
197 3728 880 3840 880 0
w 3856 880 3952 880 0
w 3856 912 3952 912 0
w 3856 944 3952 944 0
w 3856 976 3952 976 0
w 3856 1008 4016 1008 0
w 3856 1040 4048 1040 0
w 4048 1040 4048 1008 0
w 3856 1072 4080 1072 0
w 4080 1072 4080 1008 0
189 3480 1144 3648 1144 0 4 0
184 3384 1176 3496 1176 0 1
w 3640 1112 3640 976 0
w 3608 1112 3608 944 0
w 3576 1112 3576 912 0
w 3544 1112 3544 880 0
w 3544 880 3728 880 0
w 3576 912 3728 912 0
w 3608 944 3728 944 0
w 3640 976 3728 976 0
207 3448 1272 3552 1272 4 MODE
R 4304 1304 4384 1304 0 0 40 5 0 0 0.5
207 4272 1304 4136 1304 4 MODE
s 4304 1304 4272 1304 0 1 true
R 2896 592 3008 592 1 2 100 2.5 2.5 0 0.5
207 2896 592 2896 648 4 CLK
s 4296 1416 4264 1416 0 1 true
R 4296 1416 4376 1416 0 0 40 5 0 0 0.5
207 4264 1416 4136 1416 4 RST
207 3480 1208 3480 1240 4 CLK
